          38
         379           1
         380          38
         381          75
         382         112
         383         149
         384         186
         385         223
         386         260
         387         297
         388         334
         389         371
         390         408
         391         445
         392         482
         393         519
         394         556
         395         593
         396         630
         397         667
         398         704
         399         741
         400         778
         401         815
         402         852
         403         889
         404         926
         405         963
         406        1000
         407        1037
         408        1074
         409        1111
         410        1148
         411        1185
         412        1222
         413        1259
         414        1296
         415        1333
         416        1370
         1406
         380      2.3000
         381     19.1000
         382     21.4000
         383     31.1000
         384     24.6000
         385     25.1000
         386     84.2000
         387     57.3000
         388     27.2000
         389     18.6000
         390      6.6000
         391     11.1000
         392    121.7000
         393     11.1000
         394      1.0000
         395     29.4000
         396     42.1000
         397    106.2000
         398     27.3000
         399     38.9000
         400     17.3000
         401      4.9000
         402     43.8000
         403      1.0000
         404      9.4000
         405      6.4000
         406      1.0000
         407     17.6000
         408     19.6000
         409      1.0000
         410     71.1000
         411     89.2000
         412     51.4000
         413    112.7000
         414     55.3000
         415    192.6000
         416    111.2000
         379      6.0000
         381      6.5000
         382      5.6000
         383     13.1000
         384      1.3000
         385      5.6000
         386     16.1000
         387     11.0000
         388      8.1000
         389      5.8000
         390      1.8000
         391      4.5000
         392     27.3000
         393      3.3000
         394      1.0000
         395      5.8000
         396      8.1000
         397     23.8000
         398      6.3000
         399      2.0000
         400      4.3000
         401      1.8000
         402      6.3000
         403      1.0000
         404      2.0000
         405      1.1000
         406      1.0000
         407      3.0000
         408      6.8000
         409      1.0000
         410     12.1000
         411     14.6000
         412     12.6000
         413     34.1000
         414     21.3000
         415     31.8000
         416     19.8000
         379     41.3000
         380      1.3000
         382     14.0000
         383     16.6000
         384     26.6000
         385     13.1000
         386     61.1000
         387     39.0000
         388     24.4000
         389     13.4000
         390      2.3000
         391      1.0000
         392     61.6000
         393      2.3000
         394      1.3000
         395     11.9000
         396     18.1000
         397     95.3000
         398     17.3000
         399     24.3000
         400     13.3000
         401      1.6000
         402     39.3000
         403      1.0000
         404      7.9000
         405      3.1000
         406      1.0000
         407      5.0000
         408     12.9000
         409      1.0000
         410     44.6000
         411     42.8000
         412     29.0000
         413     53.5000
         414     19.3000
         415    111.9000
         416     59.4000
         379     63.8000
         380      7.5000
         381     34.6000
         383     41.7000
         384     19.8000
         385     39.1000
         386     89.1000
         387     71.9000
         388     31.9000
         389     29.4000
         390      7.4000
         391     19.5000
         392    154.2000
         393     17.1000
         394     12.6000
         395     41.7000
         396     67.9000
         397    132.3000
         398     29.2000
         399     37.8000
         400     11.1000
         401      4.8000
         402     26.6000
         403      1.0000
         404      6.6000
         405      8.4000
         406      1.0000
         407     32.5000
         408      6.8000
         409      1.0000
         410     82.4000
         411    121.7000
         412     68.1000
         413    156.8000
         414     93.5000
         415    247.5000
         416    146.2000
         379    234.6000
         380      4.3000
         381     41.3000
         382     74.8000
         384     95.1000
         385     68.6000
         386    428.9000
         387    281.6000
         388    151.9000
         389     81.7000
         390     17.1000
         391     23.3000
         392    321.6000
         393     26.8000
         394      1.8000
         395     68.6000
         396    131.4000
         397    571.6000
         398    121.2000
         399    145.3000
         400    102.5000
         401     13.6000
         402    221.1000
         403      1.0000
         404     38.1000
         405     32.9000
         406      1.0000
         407     57.1000
         408     77.8000
         409      1.0000
         410    208.4000
         411    181.2000
         412    206.3000
         413    388.4000
         414    136.8000
         415    507.2000
         416    256.3000
         379     47.9000
         380      5.3000
         381     27.1000
         382     31.3000
         383     43.2000
         385     31.9000
         386     88.4000
         387     64.6000
         388     47.1000
         389     28.6000
         390      8.4000
         391     15.6000
         392    151.1000
         393     11.6000
         394      7.0000
         395     31.7000
         396     35.9000
         397    116.1000
         398     21.4000
         399     25.6000
         400     16.3000
         401      5.1000
         402     43.0000
         403      1.0000
         404     13.4000
         405      9.4000
         406      1.0000
         407     32.6000
         408     23.9000
         409      1.0000
         410     82.0000
         411    101.9000
         412     53.7000
         413    134.9000
         414     71.6000
         415    221.4000
         416    131.2000
         379     54.0000
         380      7.1000
         381     28.4000
         382     31.8000
         383     41.1000
         384     23.6000
         386    103.0000
         387     67.8000
         388     46.8000
         389     32.6000
         390      9.6000
         391     18.8000
         392    217.3000
         393     11.8000
         394     13.6000
         395     33.7000
         396     53.9000
         397     87.6000
         398     23.0000
         399     44.6000
         400     23.3000
         401      5.3000
         402     43.9000
         403      1.0000
         404     12.9000
         405      9.9000
         406      1.0000
         407     31.8000
         408     21.3000
         409      1.0000
         410     85.5000
         411    114.7000
         412     79.7000
         413    191.7000
         414    102.1000
         415    241.5000
         416    141.2000
         379     87.1000
         380      9.4000
         381     38.5000
         382     52.8000
         383     82.9000
         384     39.8000
         385     64.2000
         387    119.3000
         388     74.2000
         389     55.6000
         390     13.4000
         391     29.8000
         392    408.6000
         393     25.9000
         394     13.3000
         395     65.7000
         396     93.1000
         397    261.4000
         398     51.1000
         399     91.4000
         400     47.1000
         401      9.4000
         402    111.9000
         403      1.0000
         404     23.9000
         405     16.6000
         406      1.0000
         407     51.1000
         408     35.4000
         409      1.0000
         410    148.4000
         411    203.3000
         412    135.6000
         413    332.5000
         414    178.1000
         415    416.3000
         416    248.7000
         379    128.1000
         380      2.4000
         381     15.8000
         382     34.9000
         383     75.9000
         384     37.8000
         385     36.6000
         386    246.4000
         388     48.6000
         389     41.8000
         390      9.4000
         391     19.8000
         392    233.6000
         393     27.6000
         394      1.3000
         395     39.4000
         396     76.6000
         397    259.5000
         398     56.4000
         399     51.0000
         400     67.8000
         401      9.9000
         402    195.8000
         403      1.0000
         404     14.1000
         405     11.6000
         406      1.0000
         407     59.3000
         408     21.6000
         409      1.0000
         410    106.3000
         411    105.9000
         412    131.1000
         413    219.3000
         414     89.1000
         415    314.5000
         416    143.3000
         379     16.6000
         380      7.8000
         381     11.3000
         382     15.6000
         383     11.9000
         384     21.5000
         385     24.4000
         386     34.1000
         387     17.3000
         389     11.6000
         390      3.8000
         391      2.0000
         392    191.9000
         393      1.0000
         394     19.3000
         395     28.2000
         396     27.4000
         397     52.1000
         398      8.3000
         399     46.9000
         400      5.8000
         401      1.8000
         402     21.5000
         403      1.0000
         404      7.6000
         405      3.5000
         406      1.0000
         407      2.0000
         408      6.1000
         409      1.0000
         410     41.6000
         411     88.3000
         412     36.3000
         413     95.1000
         414     55.0000
         415    132.6000
         416     91.6000
         379     42.1000
         380      1.8000
         381     17.6000
         382     25.4000
         383     41.0000
         384     26.6000
         385     34.3000
         386    116.1000
         387     59.3000
         388     51.4000
         390      7.6000
         391     16.1000
         392    257.4000
         393     14.1000
         394     19.8000
         395     25.1000
         396     38.6000
         397    102.5000
         398     24.1000
         399     43.3000
         400     34.3000
         401      6.3000
         402     75.8000
         403      1.0000
         404     15.1000
         405      9.8000
         406      1.0000
         407     26.6000
         408     24.1000
         409      1.0000
         410     86.7000
         411    116.3000
         412     78.1000
         413    179.4000
         414     89.3000
         415    238.8000
         416    135.4000
         379      9.9000
         380      1.3000
         381      7.8000
         382      7.6000
         383     11.2000
         384      4.6000
         385     11.3000
         386     22.1000
         387     18.8000
         388      8.6000
         389      9.1000
         391      7.8000
         392     67.0000
         393      6.5000
         394      1.0000
         395      7.9000
         396     12.3000
         397     14.9000
         398      5.8000
         399     11.5000
         400      3.6000
         401      1.0000
         402      8.8000
         403      1.0000
         404      2.5000
         405      3.3000
         406      1.0000
         407      7.0000
         408      1.0000
         409      1.0000
         410     22.2000
         411     33.4000
         412     22.8000
         413     54.9000
         414     33.8000
         415     64.1000
         416     39.3000
         379     45.8000
         380      6.8000
         381     51.6000
         382     34.6000
         383     47.4000
         384     28.3000
         385     59.0000
         386     61.2000
         387     58.6000
         388     49.8000
         389     55.4000
         390     13.1000
         392    419.6000
         393     31.6000
         394      4.3000
         395     47.6000
         396     66.0000
         397    122.3000
         398     29.1000
         399     41.6000
         400      6.6000
         401      5.6000
         402     18.6000
         403      1.0000
         404     15.4000
         405     19.6000
         406      1.0000
         407     38.4000
         408      2.1000
         409      1.0000
         410     92.4000
         411    155.7000
         412    101.9000
         413    372.0000
         414    241.8000
         415    383.6000
         416    244.6000
         379    137.8000
         380     26.1000
         381    159.8000
         382    111.6000
         383    142.4000
         384     49.3000
         385    191.6000
         386    211.1000
         387    195.3000
         388    117.5000
         389    171.8000
         390     48.9000
         391    154.5000
         393    123.5000
         394     31.5000
         395    163.3000
         396    229.1000
         397    292.6000
         398     82.3000
         399    131.3000
         400      1.5000
         401     18.3000
         402    359.8000
         403      1.0000
         404     37.5000
         405     54.3000
         406      1.0000
         407     91.8000
         408      1.0000
         409      1.0000
         410    283.8000
         411    517.8000
         412    333.6000
         413   1232.4000
         414    819.0000
         415   1232.3000
         416    796.8000
         379      6.8000
         380      1.8000
         381      6.8000
         382      4.6000
         383      6.8000
         384      1.0000
         385      9.1000
         386     12.1000
         387     15.5000
         388      4.1000
         389      5.3000
         390      3.5000
         391     11.5000
         392     39.5000
         394      1.0000
         395      5.8000
         396      8.6000
         397      4.0000
         398      4.3000
         399      1.5000
         400      1.0000
         401      1.0000
         402      1.0000
         403      1.0000
         404      1.8000
         405      4.1000
         406      1.0000
         407      9.8000
         408      1.0000
         409      1.0000
         410     12.3000
         411     18.5000
         412     13.6000
         413     44.3000
         414     29.8000
         415     51.3000
         416     29.8000
         379     55.3000
         380      5.8000
         381     11.3000
         382     21.9000
         383     23.4000
         384     18.1000
         385     21.9000
         386     59.7000
         387     47.8000
         388     22.5000
         389     12.9000
         390      4.4000
         391      6.0000
         392    157.2000
         393      6.3000
         395     37.6000
         396     51.7000
         397     82.1000
         398     17.4000
         399     47.8000
         400      9.8000
         401      3.1000
         402     41.9000
         403      1.0000
         404      7.4000
         405      4.1000
         406      1.0000
         407     11.6000
         408     11.8000
         409      1.0000
         410     66.7000
         411    109.6000
         412     53.2000
         413    116.0000
         414     56.9000
         415    197.1000
         416    119.2000
         379     53.8000
         380      5.6000
         381     17.6000
         382     25.2000
         383     36.1000
         384     17.8000
         385     19.6000
         386     89.6000
         387     39.0000
         388     31.9000
         389     18.7000
         390      5.1000
         391      8.0000
         392    136.4000
         393      7.5000
         394     11.1000
         396     45.6000
         397    124.5000
         398     27.3000
         399     32.9000
         400     21.3000
         401      4.3000
         402     52.3000
         403      1.0000
         404     11.1000
         405      6.4000
         406      1.0000
         407     18.6000
         408     21.5000
         409      1.0000
         410     74.9000
         411     89.4000
         412     64.1000
         413    112.8000
         414     53.6000
         415    151.8000
         416     86.0000
         379     91.4000
         380      3.1000
         381     18.8000
         382     36.7000
         383     69.8000
         384     32.9000
         385     29.9000
         386    136.5000
         387     81.8000
         388     61.9000
         389     33.3000
         390      7.4000
         391     11.8000
         392    211.6000
         393     12.9000
         394      1.3000
         395     46.6000
         397    311.2000
         398     51.7000
         399     93.9000
         400     44.3000
         401      7.4000
         402    109.6000
         403      1.0000
         404     21.9000
         405     11.3000
         406      1.0000
         407     32.3000
         408     42.3000
         409      1.0000
         410    137.5000
         411    136.0000
         412    103.4000
         413    173.8000
         414     71.5000
         415    261.1000
         416    141.9000
         379     33.3000
         380      1.0000
         381      1.0000
         382      6.1000
         383      9.6000
         384     12.8000
         385      4.8000
         386     53.8000
         387     39.6000
         388     12.8000
         389      5.3000
         390      1.3000
         391      1.0000
         392     24.3000
         393      1.8000
         394      1.0000
         395      6.1000
         396     14.3000
         398     15.3000
         399     13.5000
         400      7.0000
         401      2.3000
         402     32.8000
         403      1.0000
         404      4.6000
         405      1.5000
         406      1.0000
         407      2.5000
         408      7.1000
         409      1.0000
         410     25.3000
         411     18.1000
         412     25.3000
         413     31.1000
         414      1.0000
         415     57.8000
         416     25.5000
         379     27.1000
         380      5.6000
         381      8.8000
         382     15.4000
         383     27.7000
         384     12.5000
         385     13.2000
         386     42.7000
         387     31.8000
         388     21.2000
         389     11.3000
         390      4.5000
         391      3.5000
         392    101.2000
         393      3.8000
         394     12.0000
         395     14.7000
         396     26.4000
         397     97.6000
         399     36.4000
         400     21.3000
         401      2.6000
         402     34.8000
         403      1.0000
         404      7.1000
         405      3.8000
         406      1.0000
         407     11.1000
         408     16.1000
         409      1.0000
         410     36.9000
         411     47.3000
         412     39.7000
         413     97.2000
         414     44.8000
         415     96.8000
         416     58.1000
         379     67.6000
         380      4.8000
         381     41.8000
         382     33.8000
         383     71.4000
         384     19.1000
         385     41.2000
         386    131.4000
         387    152.3000
         388     41.6000
         389     41.8000
         390     13.3000
         391     33.3000
         392    214.4000
         393     29.3000
         394      1.3000
         395     41.4000
         396     68.7000
         397    204.1000
         398     54.4000
         400     11.5000
         401      9.6000
         402     49.3000
         403      1.0000
         404     11.1000
         405     15.3000
         406      1.0000
         407     39.6000
         408     11.8000
         409      1.0000
         410    109.2000
         411    135.4000
         412    136.8000
         413    334.7000
         414    201.8000
         415    311.6000
         416    181.1000
         379     11.6000
         380      1.5000
         381     12.0000
         382      8.0000
         383     11.1000
         384      3.5000
         385      9.8000
         386     16.8000
         387     21.0000
         388      7.1000
         389      9.0000
         390      3.0000
         391      8.0000
         392     56.5000
         393      8.8000
         394      1.0000
         395     11.3000
         396     15.3000
         397     24.8000
         398      9.1000
         399      5.8000
         401      1.6000
         402      1.0000
         403      1.0000
         404      1.8000
         405      3.6000
         406      1.0000
         407      7.3000
         408      1.0000
         409      1.0000
         410     21.5000
         411     33.8000
         412     31.1000
         413     86.0000
         414     58.0000
         415     88.3000
         416     55.3000
         379      4.4000
         380      1.0000
         381      1.3000
         382      3.1000
         383      4.7000
         384      3.1000
         385      3.0000
         386     11.3000
         387      5.3000
         388      5.2000
         389      5.2000
         390      1.0000
         391      1.3000
         392     24.2000
         393      1.0000
         394      1.0000
         395      4.7000
         396      5.3000
         397     13.6000
         398      4.6000
         399      6.8000
         400      6.0000
         402     12.8000
         403      1.0000
         404      1.6000
         405      1.0000
         406      1.0000
         407      1.0000
         408      1.3000
         409      1.0000
         410      8.0000
         411     11.1000
         412     11.3000
         413     22.6000
         414     11.6000
         415     29.2000
         416     17.4000
         379     11.3000
         380      1.5000
         381      5.0000
         382      4.8000
         383      7.0000
         384      1.0000
         385      5.8000
         386     12.0000
         387     15.5000
         388      4.0000
         389      6.3000
         390      2.3000
         391      7.8000
         392     35.0000
         393      9.5000
         394      1.0000
         395      7.3000
         396     11.5000
         397      1.0000
         398      5.0000
         399      1.0000
         400      1.0000
         401      1.8000
         403      1.0000
         404      1.3000
         405      2.8000
         406      1.0000
         407      7.3000
         408      1.0000
         409      1.0000
         410     14.3000
         411     21.8000
         412     16.8000
         413     51.5000
         414     33.3000
         415     61.8000
         416     33.8000
         379      2.8000
         380      1.3000
         381      1.8000
         382      1.3000
         383      1.8000
         384      1.0000
         385      2.0000
         386      3.5000
         387      4.5000
         388      1.0000
         389      2.0000
         390      1.5000
         391      2.5000
         392     11.3000
         393      2.8000
         394      1.0000
         395      1.5000
         396      3.3000
         397      1.0000
         398      1.3000
         399      1.0000
         400      1.0000
         401      1.5000
         402      1.0000
         404      1.0000
         405      1.5000
         406      1.0000
         407      1.5000
         408      1.0000
         409      1.0000
         410      4.3000
         411      5.8000
         412      4.5000
         413     14.3000
         414      9.0000
         415     16.8000
         416      9.8000
         379      1.0000
         380      1.0000
         381      1.0000
         382      1.0000
         383      1.0000
         384      1.0000
         385      1.0000
         386      1.0000
         387      1.0000
         388      1.0000
         389      1.0000
         390      1.0000
         391      1.0000
         392      1.0000
         393      1.0000
         394      1.0000
         395      1.0000
         396      1.0000
         397      1.0000
         398      1.0000
         399      1.0000
         400      1.0000
         401      1.0000
         402      1.0000
         403      1.0000
         405      1.0000
         406      1.0000
         407      1.0000
         408      1.0000
         409      1.0000
         410      1.0000
         411      1.0000
         412      1.0000
         413      1.0000
         414      1.0000
         415      1.0000
         416      1.0000
         379     11.3000
         380      1.3000
         381      1.5000
         382      5.1000
         383      8.1000
         384      6.3000
         385      5.0000
         386     21.1000
         387     11.1000
         388     12.3000
         389      8.0000
         390      1.8000
         391      3.3000
         392     59.2000
         393      1.5000
         394      1.0000
         395      5.7000
         396     11.4000
         397     32.0000
         398      6.9000
         399     12.8000
         400      7.1000
         401      1.8000
         402     17.1000
         403      1.0000
         404      5.3000
         406      1.0000
         407      7.1000
         408      2.6000
         409      1.0000
         410     17.3000
         411     23.2000
         412     15.9000
         413     44.7000
         414     19.8000
         415     61.4000
         416     35.2000
         379      7.8000
         380      1.5000
         381      4.6000
         382      3.3000
         383     16.3000
         384      1.0000
         385      5.5000
         386     25.1000
         387     11.8000
         388     18.0000
         389     11.8000
         390      1.8000
         391      8.8000
         392     51.5000
         393      4.8000
         394      1.0000
         395      4.0000
         396      8.5000
         397     25.3000
         398      9.0000
         399      1.0000
         400     11.0000
         401      1.0000
         402     12.0000
         403      1.0000
         404      5.5000
         405      2.0000
         407     17.8000
         408      1.0000
         409      1.0000
         410     21.1000
         411     14.8000
         412     12.0000
         413     45.8000
         414     22.8000
         415     58.8000
         416     35.8000
         379      3.8000
         380      1.3000
         381      2.3000
         382      2.5000
         383      2.0000
         384      1.0000
         385      3.3000
         386      3.3000
         387      4.0000
         388      2.0000
         389      2.8000
         390      1.8000
         391      2.3000
         392     12.5000
         393      2.0000
         394      1.0000
         395      3.0000
         396      4.6000
         397      1.0000
         398      1.8000
         399      2.5000
         400      1.0000
         401      1.0000
         402      1.0000
         403      1.0000
         404      1.0000
         405      1.8000
         406      1.0000
         408      1.0000
         409      1.0000
         410      5.8000
         411     11.1000
         412      5.8000
         413     13.1000
         414      9.5000
         415     21.1000
         416     12.3000
         379     44.1000
         380      7.1000
         381     43.1000
         382     31.3000
         383     41.4000
         384      8.5000
         385     43.8000
         386     59.1000
         387     63.0000
         388     42.6000
         389     23.8000
         390      7.6000
         391     26.3000
         392    236.4000
         393     21.1000
         394     26.3000
         395     51.4000
         396     58.4000
         397     97.1000
         398     17.3000
         399     38.8000
         400     21.6000
         401      3.8000
         402      1.0000
         403      1.0000
         404      3.1000
         405      7.8000
         406      1.0000
         407     49.8000
         409      1.0000
         410     99.3000
         411    157.6000
         412     75.9000
         413    201.4000
         414    132.6000
         415    293.5000
         416    198.6000
         379     41.8000
         380      1.0000
         381      1.3000
         382      6.3000
         383      5.1000
         384     19.3000
         385      7.4000
         386     51.6000
         387     17.1000
         388     17.4000
         389      6.9000
         390      1.6000
         391      1.3000
         392     45.8000
         393      1.8000
         394      1.0000
         395      7.8000
         396     12.8000
         397     63.1000
         398     14.4000
         399     31.5000
         400     23.0000
         401      2.0000
         402     49.8000
         403      1.0000
         404      7.0000
         405      1.5000
         406      1.0000
         407      1.5000
         408     13.8000
         410     35.8000
         411     33.8000
         412     26.6000
         413     28.1000
         414      1.3000
         415     95.3000
         416     44.3000
         379    156.9000
         380      9.7000
         381     55.6000
         382     72.4000
         383     92.4000
         384     73.4000
         385     86.4000
         386    295.2000
         387    139.8000
         388    101.9000
         389     61.6000
         390     16.0000
         391     29.3000
         392    478.0000
         393     26.8000
         394     25.8000
         395     93.1000
         396    107.4000
         397    352.2000
         398     69.6000
         399    111.0000
         400     72.4000
         401     12.7000
         402    172.3000
         403      1.0000
         404     33.9000
         405     35.8000
         406      1.0000
         407     74.6000
         408     63.3000
         409      1.0000
         411    646.4000
         412    379.6000
         413    883.4000
         414    431.1000
         415   1191.8000
         416    682.3000
         379    132.7000
         380     13.9000
         381     47.3000
         382     67.7000
         383     88.6000
         384     72.6000
         385     82.6000
         386    281.4000
         387    108.6000
         388    101.6000
         389     56.2000
         390     14.2000
         391     21.1000
         392    491.4000
         393     18.5000
         394     27.3000
         395     88.2000
         396     96.8000
         397    366.0000
         398     62.2000
         399    131.4000
         400     79.1000
         401     11.8000
         402    179.1000
         403      1.0000
         404     35.7000
         405     32.4000
         406      1.0000
         407     54.3000
         408     73.6000
         409      1.0000
         410    477.9000
         412    338.2000
         413    812.1000
         414    381.8000
         415   1089.9000
         416    637.4000
         379     38.5000
         380      7.0000
         381     11.4000
         382     21.6000
         383     45.7000
         384     22.6000
         385     24.6000
         386    109.7000
         387     57.1000
         388     41.6000
         389     22.2000
         390      5.1000
         391      7.5000
         392    184.7000
         393      7.8000
         394     15.3000
         395     24.8000
         396     48.7000
         397    166.6000
         398     31.8000
         399     46.9000
         400     31.3000
         401      4.4000
         402     71.6000
         403      1.0000
         404     13.6000
         405      6.8000
         406      1.0000
         407     21.3000
         408     19.8000
         409      1.0000
         410    158.7000
         411    195.6000
         413    311.6000
         414    145.3000
         415    419.2000
         416    243.4000
         379    199.9000
         380     21.7000
         381     74.6000
         382     98.7000
         383    167.5000
         384     94.3000
         385    119.4000
         386    508.9000
         387    301.6000
         388    179.9000
         389    107.7000
         390     36.1000
         391     53.6000
         392    881.0000
         393     62.4000
         394     37.8000
         395    132.6000
         396    191.1000
         397    601.6000
         398    155.6000
         399    297.6000
         400    166.3000
         401     27.7000
         402    651.9000
         403      1.0000
         404     61.0000
         405     47.8000
         406      1.0000
         407    108.6000
         408     91.6000
         409      1.0000
         410    769.8000
         411    988.8000
         412    665.9000
         414    938.6000
         415   2106.7000
         416   1222.5000
         379    116.9000
         380     13.6000
         381     43.4000
         382     58.7000
         383    101.6000
         384     61.1000
         385     69.9000
         386    234.5000
         387    132.1000
         388    109.6000
         389     82.9000
         390     21.4000
         391     27.3000
         392    687.5000
         393     32.8000
         394     25.1000
         395     78.1000
         396    109.6000
         397    385.6000
         398     71.1000
         399    159.1000
         400    102.6000
         401     15.6000
         402    241.6000
         403      1.0000
         404     37.2000
         405     33.4000
         406      1.0000
         407     62.4000
         408     57.1000
         409      1.0000
         410    457.9000
         411    582.8000
         412    386.6000
         413   1107.9000
         415   1237.9000
         416    721.1000
         379    166.9000
         380     19.6000
         381     55.1000
         382     81.3000
         383    134.9000
         384     79.1000
         385     95.1000
         386    329.9000
         387    194.8000
         388    194.1000
         389    111.9000
         390     27.7000
         391     51.8000
         392    942.1000
         393     47.6000
         394     39.0000
         395    105.2000
         396    156.8000
         397    511.1000
         398    101.1000
         399    213.9000
         400    107.5000
         401     22.0000
         402    566.3000
         403      1.0000
         404     63.9000
         405     48.1000
         406      1.0000
         407     87.3000
         408     74.9000
         409      1.0000
         410    629.1000
         411    808.4000
         412    542.3000
         413   1271.4000
         414    608.1000
         416   1171.2000
         379    107.7000
         380     13.7000
         381     37.9000
         382     53.6000
         383     96.4000
         384     74.3000
         385     85.9000
         386    295.6000
         387    119.1000
         388    139.1000
         389     75.9000
         390     18.9000
         391     29.0000
         392    665.1000
         393     21.1000
         394     25.8000
         395     71.7000
         396    101.6000
         397    382.4000
         398     67.2000
         399    126.6000
         400     81.1000
         401     12.1000
         402    185.9000
         403      1.0000
         404     48.5000
         405     37.9000
         406      1.0000
         407     75.3000
         408     56.8000
         409      1.0000
         410    431.5000
         411    545.1000
         412    354.4000
         413    861.4000
         414    407.4000
         415   1365.9000
